  -1.5860000e+01  -2.6260000e+01
  -1.4960000e+01  -2.5320000e+01
  -1.4050000e+01  -2.4420000e+01
  -1.3170000e+01  -2.3550000e+01
  -1.2290000e+01  -2.2690000e+01
  -1.1390000e+01  -2.1770000e+01
  -1.0490000e+01  -2.0890000e+01
  -9.5600000e+00  -1.9930000e+01
  -8.7000000e+00  -1.9100000e+01
  -7.8000000e+00  -1.8200000e+01
  -6.8800000e+00  -1.7260000e+01
  -5.9500000e+00  -1.6330000e+01
  -5.0200000e+00  -1.5390000e+01
  -4.0600000e+00  -1.4430000e+01
  -3.1500000e+00  -1.3460000e+01
  -2.1400000e+00  -1.2430000e+01
  -1.1900000e+00  -1.1420000e+01
  -2.0000000e-01  -1.0320000e+01
   8.1000000e-01  -9.2200000e+00
   1.8200000e+00  -8.0800000e+00
   2.8200000e+00  -6.9000000e+00
   3.8100000e+00  -5.7400000e+00
   4.8750000e+00  -4.5200000e+00
   5.8800000e+00  -3.3700000e+00
   6.8700000e+00  -2.3000000e+00
   7.8600000e+00  -1.3000000e+00
   8.8600000e+00  -5.3000000e-01
   9.7200000e+00  -9.0000000e-02
   1.0600000e+01  -1.9000000e+00
