  -1.0100000e+01  -2.0820000e+01
  -8.7800000e+00  -1.9500000e+01
  -7.2800000e+00  -1.8300000e+01
  -5.8600000e+00  -1.6600000e+01
  -4.7900000e+00  -1.5500000e+01
  -3.4900000e+00  -1.4140000e+01
  -2.2000000e+00  -1.2590000e+01
  -3.8000000e-01  -1.0730000e+01
   9.2000000e-01  -9.2100000e+00
   1.6300000e+00  -8.4000000e+00
   3.4500000e+00  -6.1600000e+00
   5.1600000e+00  -4.0800000e+00
   6.3700000e+00  -2.6600000e+00
   7.7100000e+00  -1.2400000e+00
   9.3500000e+00   4.0000000e-02
   1.0620000e+01  -1.0000000e+00
   1.1730000e+01  -7.0000000e+00
